000000
000000
000000
000000(4)
000000
000000
000000
000000(3)
000000
000000
000000
000000(2)
000000
000000
000000
000100
000000
000000
000000
001000(4)
000000
000000
000000
010000(3)
000000
000000
000000
000100(2)
000010
000000
000000
000001
000000
001000
000000
010000(4)
000000
001000
000000
000010(3)
000000
001000
000000
000100(2)
000000
010000
000000
100000
000000
010000
000000
000100(4)
000000
001000
000000
000000(3)
000000
000100
000001
000001(2)
000000
000000
000000
000010
000000
000100
000000
001000(4)
000000
010000
000000
000000(3)
000000
001000
000000
000100(2)
000000
000010
000000
000001
000000
000000
000000
000000(4)
000000
000000
000000
000000(3)
000000
000000
000000
000000(2)
000000
000000
000000
010000
000000
001000
000000
000000
000000
010000
000000
000000
000000
100000
000000
001000
000000
000100
000000
000010
000000
000000
000000
000000
000000
000000
000000
000000
000000
010000
000000
000100
000000
000010
000000
000001
000000
000000
000000
000000
000000
000000
000000
000000
000000
001000
000000
000100
000000
000010
000000
000001
000000
000010
000000
000100
000000
001000
000000
000000
000000
000000
000000
000000
000000
000000
000000
000010
000000
000100
000000
000000
000000
000001
100000
000000
000000
100000
000000
001000
000000
000100
000000
000010
000000
000000
000000
000000
000000
000000
000000
000000
000000
010000
000000
000100
000000
000010
000000
000001
000000
000000
000000
000000
000000
000000
000000
000000
000000
001000
000000
000100
000000
000010
000000
000001
000000
000010
000000
000100
000000
001000
000000
000000
000000
000000
000000
000000
000000
000000
000000
000101
001010
010100
000000
000000
000000
000000
000000
000000
000000
000000
000000
000000
000000
000000
000000
001100
010010
100001
000000
000000
000000
000000
000000
000100
000000
000000
000000
000000
000000
000000
000000
000110
001000
010000
000000
000000
000000
000000
000000
000001
000000
000000
000000
000000
000000
000000
000000
001100
000000
000000
000000
000000
000000
000000
000000
000010
000000
000000
000000
000000
000000
000000
000000
000101
001000
010000
000000
000000
000000
000000
000000
000100
000010
000001
000000
000000
000010
000000
000000
001100
010000
100000
000000
000010
000000
000000
000000
000001
000000
000000
000000
000000
000000
000000
000000
000100
001000
010000
000000
000000
000000
000000
000000
000000(3)
000000
000000
000000
000000(2)
000000
000000
000000
001000
010000
100000
000000
000000
000000
000000
000000
000000
000000
000000
000000
000000
000000
000000
000000
010000
000000
000000
000000
001000
000000
000000
000000
000000
000000
010000
000000
000000
100000
000000
000000
001000
000100
000010
000000
000000
000000
000000
000000
000000
000000
000100
000000
000000
000001
000000
000000
000010
001000
100000
000000
000000
000000
000000
000000
000000
000000
100000
000000
000000
000010
000000
000000
000100
000000
000000
000101
000000
000101
001010
000101
000101
000000
000000
000000
000000
000000
000000
000000
001000
000000
000010
000000
000100
000000
000010
000000
000000
000000
000001
000000
000000
100000
000000
000000
001000
000100
000010
000000
000000
000000
000000
000000
000000
000000
000100
000000
000000
000001
000000
000000
000010
001000
100000
000000
000000
000000
000000
000000
000000
000000
100000
000000
000000
000010
000000
000000
000100
000000
000100
000000
000010
000000
000001
000000
000000
000000
000000
000000
000000
000000
000000
000000
010000
000000
000000
000000
001000
000000
000000
000000
000000
000000
010000
000000
000000
100000
000000
000000
001000
000100
000010
000000
000000
000000
000000
000000
000000
000000
000100
000000
000000
000001
000000
000000
000010
001000
100000
000000
000000
000000
000000
000000
000000
000000
100000
000000
000000
000010
000000
000000
000100
000000
000000
000101
000000
000101
001010
000101
000101
000000
000000
000000
000000
000000
000000
000000
001000
000000
000010
000000
000100
000000
000010
000000
000000
000000
000001
000000
000000
100000
000000
000000
001000
000100
000010
000000
000000
000000
000000
000000
000000
000000
000100
000000
000000
000001
000000
000000
000010
001000
100000
000000
000000
000000
000000
000000
000000
000000
100000
000000
000000
000010
000000
000000
000100
000000
000100
000000
000010
000000
000001
000000
000000
000000
000000
000000
000000
000000
000000
000000
010000
000000
001000
000000
000000
000000
010000
000000
000000
000000
100000
000000
001000
000000
000100
000000
000010
000000
000000
000000
000000
000000
000000
000000
000000
000000
010000
000000
000100
000000
000010
000000
000001
000000
000000
000000
000000
000000
000000
000000
000000
000000
001000
000000
000100
000000
000010
000000
000001
000000
000010
000000
000100
000000
001000
000000
000000
000000
000000
000000
000000
000000
000000
000000
000010
000000
000100
000000
000000
000000
000001
000000
000000
000000
100000
000000
001000
000000
000100
000000
000010
000000
000000
000000
000000
000000
000000
000000
000000
000000
010000
000000
000100
000000
000010
000000
000001
000000
000000
000000
000000
000000
000000
000000
000000
000000
001000
000000
000100
000000
000010
000000
000001
000000
000010
000000
000100
000000
001000
000000
000000
000000
000000
000000
000000
000000
000000
000000
000100
001000
010000
000000
000000
000000
000000
000000
000000
000000
000000
000000
000000
000000
000000
000000
001000
010000
100000
000000
000000
000000
000000
000000
000000
000000
000000
000000
000000
000000
000000
000000
000100
001000
010000
000000
000000
000000
000000
000000
000000
000000
000000
000000
000000
000000
000000
000000
001000
000000
000000
000000
000000
000000
000000
000000
000000
000000
000000
000000
000000
000000
000000
000000
000100
001000
010000
000000
000000
000000
000000
000000
000000
000000
000000
000000
000000
000000
000000
000000
001000
010000
100000
000000
000000
000000
000000
000000
000000
000000
000000
000000
000000
000000
000000
000000
000100
001000
010000
000000
000000
000000
000000
000000
000000
000000
000000
000000
000000
000000
000000
000000
001000
000000
000000
000000
000000
000000
000000
000000
000000
000000
000000
000000
000000
000000
000000
000000
010000
000000
001000
000000
000000
000000
010000
000000
000000
000000
100000
000000
001000
000000
000100
000000
000010
000000
000000
000000
000000
000000
000000
000000
000000
000000
010000
000000
000100
000000
000010
000000
000001
000000
000000
000000
000000
000000
000000
000000
000000
000000
001000
000000
000100
000000
000010
000000
000001
000000
000010
000000
000100
000000
001000
000000
000000
000000
000000
000000
000000
000000
000000
000000
000010
000000
000100
000000
000000
000000
000001
000000
000000
000000
100000
000000
001000
000000
000100
000000
000010
000000
000000
000000
000000
000000
000000
000000
000000
000000
010000
000000
000100
000000
000010
000000
000001
000000
000000
000000
000000
000000
000000
000000
000000
000000
001000
000000
000100
000000
000010
000000
000001
000000
000010
000000
000100
000000
001000
000000
000000
000000
000000
000000
000000
000000
000000
000000
000100
001000
010000
000000
000000
000000
000000
000000
000000
000000
000000
000000
000000
000000
000000
000000
001000
010000
100000
000000
000000
000000
000000
000000
000000
000000
000000
000000
000000
000000
000000
000000
000100
001000
010000
000000
000000
000000
000000
000000
000000
000000
000000
000000
000000
000000
000000
000000
001000
000000
000000
000000
000000
000000
000000
000000
000000
000000
000000
000000
000000
000000
000000
000000
000100
001000
010000
000000
000000
000000
000000
000000
000000
000000
000000
000000
000000
000000
000000
000000
001000
010000
100000
000000
000000
000000
000000
000000
000000
000000
000000
000000
000000
000000
000000
000000
000100
001000
010000
000000
000000
000000
000000
000000
000000
000000
000000
000000
000000
000000
000000
000000
001000
010000
100000
000000
000000
000000
000000
000000
000000
000000
000000
000000
000000
000000
000000
000000
100010
000000
000000
000000
000000
000000
000000
000000
000000
000000
000000
000000
000000
000000
000000
000000
100100
000000
000000
000000
000000
000000
000000
000000
000000
000000
000000
000000
000000
000000
000000
000000
100010
000000
000000
000000
000000
000000
000000
000000
000000
000000
000000
000000
000000
000000
000000
000000
100100
000000
000000
000000
000000
000000
000000
000000
000000
000000
000000
000000
000000
000000
000000
000000
100010
000000
000000
000000
000000
000000
000000
000000
000000
000000
000000
000000
000000
000000
000000
000000
100100
000000
000000
000000
000000
000000
000000
000000
000000
000000
000000
000000
000000
000000
000000
000000
100010
000000
000000
000000
000000
000000
000000
000000
000000
000000
000000
000000
000000
000000
000000
000000
100100